NACA 4412                                       
 Alfa =   0.00000 Re =   200000.000 Xflap,Yflap =     0.000000    0.000000
#    x        y        Cp  
   1.00000  0.00126  0.17018
   0.99392  0.00292  0.15253
   0.98333  0.00577  0.12085
   0.97098  0.00904  0.08665
   0.95718  0.01262  0.05156
   0.94237  0.01638  0.01763
   0.92696  0.02021 -0.01412
   0.91123  0.02403 -0.04317
   0.89533  0.02780 -0.06943
   0.87933  0.03149 -0.09340
   0.86327  0.03511 -0.11549
   0.84718  0.03864 -0.13745
   0.83106  0.04208 -0.16254
   0.81492  0.04544 -0.19677
   0.79875  0.04870 -0.24895
   0.78258  0.05188 -0.32593
   0.76638  0.05496 -0.42430
   0.75017  0.05796 -0.43201
   0.73395  0.06086 -0.43807
   0.71772  0.06368 -0.44403
   0.70148  0.06640 -0.45007
   0.68523  0.06902 -0.45632
   0.66898  0.07155 -0.46294
   0.65272  0.07398 -0.47002
   0.63645  0.07632 -0.47769
   0.62019  0.07855 -0.48604
   0.60392  0.08069 -0.49515
   0.58766  0.08272 -0.50506
   0.57140  0.08465 -0.51572
   0.55514  0.08647 -0.52722
   0.53889  0.08818 -0.53964
   0.52265  0.08978 -0.55299
   0.50642  0.09127 -0.56726
   0.49021  0.09264 -0.58239
   0.47402  0.09390 -0.59831
   0.45785  0.09503 -0.61502
   0.44172  0.09603 -0.63245
   0.42564  0.09690 -0.65069
   0.40965  0.09765 -0.66977
   0.39382  0.09824 -0.69019
   0.37817  0.09865 -0.70877
   0.36263  0.09885 -0.72492
   0.34716  0.09884 -0.73878
   0.33174  0.09863 -0.75039
   0.31639  0.09821 -0.75976
   0.30109  0.09757 -0.76683
   0.28586  0.09672 -0.77175
   0.27069  0.09564 -0.77439
   0.25561  0.09433 -0.77458
   0.24061  0.09280 -0.77270
   0.22571  0.09103 -0.76810
   0.21092  0.08902 -0.76108
   0.19626  0.08678 -0.75142
   0.18175  0.08429 -0.73872
   0.16741  0.08155 -0.72325
   0.15327  0.07856 -0.70437
   0.13937  0.07533 -0.68229
   0.12576  0.07185 -0.65632
   0.11254  0.06815 -0.62654
   0.09978  0.06426 -0.59261
   0.08762  0.06020 -0.55428
   0.07622  0.05606 -0.51186
   0.06572  0.05190 -0.46520
   0.05625  0.04782 -0.41461
   0.04786  0.04389 -0.36102
   0.04055  0.04017 -0.30436
   0.03423  0.03668 -0.24484
   0.02879  0.03343 -0.18271
   0.02411  0.03040 -0.11712
   0.02008  0.02756 -0.04848
   0.01660  0.02489  0.02491
   0.01357  0.02236  0.10286
   0.01095  0.01995  0.18725
   0.00867  0.01764  0.27670
   0.00671  0.01541  0.37360
   0.00502  0.01324  0.47564
   0.00360  0.01113  0.58236
   0.00242  0.00906  0.69229
   0.00148  0.00703  0.79715
   0.00077  0.00504  0.89071
   0.00029  0.00309  0.96100
   0.00004  0.00120  0.99709
   0.00001 -0.00064  0.99051
   0.00020 -0.00249  0.93370
   0.00065 -0.00436  0.82160
   0.00137 -0.00623  0.66432
   0.00239 -0.00805  0.48190
   0.00369 -0.00980  0.30119
   0.00527 -0.01148  0.14175
   0.00712 -0.01307  0.00910
   0.00925 -0.01459 -0.09393
   0.01167 -0.01603 -0.17297
   0.01438 -0.01741 -0.23012
   0.01744 -0.01873 -0.27039
   0.02087 -0.02000 -0.29738
   0.02476 -0.02123 -0.31396
   0.02916 -0.02242 -0.32218
   0.03419 -0.02357 -0.32297
   0.03998 -0.02467 -0.31847
   0.04667 -0.02572 -0.30903
   0.05445 -0.02670 -0.29489
   0.06345 -0.02758 -0.27731
   0.07377 -0.02833 -0.25682
   0.08543 -0.02891 -0.23447
   0.09832 -0.02929 -0.21095
   0.11223 -0.02947 -0.18733
   0.12696 -0.02945 -0.16412
   0.14228 -0.02924 -0.14194
   0.15806 -0.02887 -0.12103
   0.17418 -0.02837 -0.10136
   0.19056 -0.02776 -0.08308
   0.20714 -0.02707 -0.06607
   0.22389 -0.02630 -0.05029
   0.24078 -0.02549 -0.03574
   0.25777 -0.02465 -0.02231
   0.27484 -0.02379 -0.00997
   0.29194 -0.02292  0.00124
   0.30901 -0.02207  0.01144
   0.32603 -0.02124  0.02057
   0.34301 -0.02043  0.02864
   0.35994 -0.01967  0.03564
   0.37686 -0.01894  0.04146
   0.39378 -0.01827  0.04588
   0.41076 -0.01762  0.04871
   0.42781 -0.01697  0.05183
   0.44491 -0.01629  0.05509
   0.46204 -0.01560  0.05862
   0.47921 -0.01490  0.06229
   0.49639 -0.01420  0.06609
   0.51357 -0.01350  0.07004
   0.53074 -0.01280  0.07397
   0.54790 -0.01211  0.07789
   0.56503 -0.01143  0.08181
   0.58215 -0.01076  0.08569
   0.59926 -0.01011  0.08948
   0.61635 -0.00947  0.09323
   0.63342 -0.00885  0.09686
   0.65049 -0.00825  0.10041
   0.66755 -0.00768  0.10388
   0.68459 -0.00712  0.10725
   0.70164 -0.00659  0.11055
   0.71867 -0.00608  0.11375
   0.73570 -0.00560  0.11690
   0.75273 -0.00514  0.11998
   0.76976 -0.00471  0.12304
   0.78678 -0.00431  0.12606
   0.80381 -0.00393  0.12908
   0.82084 -0.00357  0.13210
   0.83786 -0.00324  0.13519
   0.85489 -0.00294  0.13830
   0.87190 -0.00266  0.14157
   0.88889 -0.00241  0.14495
   0.90581 -0.00218  0.14846
   0.92258 -0.00197  0.15212
   0.93902 -0.00179  0.15589
   0.95483 -0.00163  0.15965
   0.96953 -0.00150  0.16323
   0.98258 -0.00139  0.16639
   0.99368 -0.00131  0.16905
   1.00000 -0.00126  0.17018
